1850: [313, 22288, 33449528]
1851: [313, 21247, 33843690]
1852: [314, 19586, 33903669]
1853: [313, 23055, 42113169]
1854: [311, 23214, 42628577]
1855: [309, 23101, 37513377]
1856: [314, 22740, 44572269]
1857: [311, 22433, 43699552]
1858: [311, 23493, 41540401]
1859: [306, 23131, 42606508]
1860: [310, 29653, 54817952]
1861: [312, 21960, 43456294]
1862: [313, 23179, 48625160]
1863: [313, 23296, 48304935]
1864: [314, 24311, 47148323]
1865: [311, 31822, 48510797]
1866: [313, 31934, 52346314]
1867: [304, 23394, 48807636]
1868: [300, 23264, 43024554]
1869: [313, 26158, 47893363]
1870: [313, 26972, 48721686]
1871: [312, 25794, 45853095]
1872: [314, 26979, 49556154]
1873: [313, 26821, 49333970]
1874: [313, 26960, 45310547]
1875: [313, 31576, 57862020]
1876: [313, 25318, 46909893]
1877: [313, 26380, 53003095]
1878: [313, 25415, 50868269]
1879: [313, 26792, 50379467]
1880: [314, 36363, 57739026]
1881: [313, 28090, 52085928]
1882: [312, 33787, 51233489]
1883: [313, 36981, 56187672]
1884: [313, 28526, 51067040]
1885: [313, 30878, 53304541]
1886: [312, 29472, 50426421]
1887: [313, 28992, 51614358]
1888: [313, 37425, 54231835]
1889: [313, 27518, 49960230]
1890: [313, 29304, 47832284]
1891: [313, 31351, 48077549]
1892: [314, 31388, 50129740]
1893: [312, 28991, 45166410]
1894: [313, 40606, 49016845]
1895: [313, 41279, 48030433]
1896: [314, 26637, 47146284]
1897: [312, 31434, 48423121]
1898: [313, 31469, 46164953]
1899: [312, 31650, 47957178]
1900: [313, 47169, 46232765]
1901: [313, 32443, 45044476]
1902: [313, 32350, 44745558]
1903: [313, 33300, 42351412]
1904: [313, 32939, 42522060]
1905: [312, 31246, 40855773]
1906: [313, 34889, 42331368]
1907: [313, 36415, 44760742]
1908: [314, 43622, 49866241]
1909: [313, 50664, 47828117]
1910: [313, 52787, 48264976]
1911: [312, 74233, 49812637]
1912: [314, 64628, 47580717]
1913: [312, 59823, 49037324]
1914: [327, 56311, 43173868]
