1714: [5, 115, 23537]
1715: [21, 302, 86449]
1716: [53, 1003, 259830]
1717: [44, 953, 213046]
1718: [14, 299, 73758]
1719: [2, 48, 10034]
1720: [22, 466, 115663]
1721: [43, 745, 262307]
1722: [34, 515, 224475]
1723: [49, 887, 310614]
1724: [52, 943, 354062]
1725: [48, 733, 318077]
1728: [52, 675, 341051]
1729: [18, 177, 117025]
1731: [26, 325, 181415]
1732: [30, 218, 182409]
1733: [50, 253, 302894]
1734: [51, 229, 318485]
1735: [51, 214, 338061]
1746: [64, 573, 676006]
1749: [1, 8, 5250]
1762: [49, 664, 631146]
1763: [47, 652, 650774]
1768: [22, 256, 372618]
1784: [2, 15, 34693]
1785: [52, 894, 1034311]
1786: [52, 942, 1109779]
1787: [52, 622, 1066644]
1788: [52, 861, 1056169]
1789: [52, 693, 1077437]
1790: [53, 664, 1112976]
1791: [52, 676, 1153691]
1792: [52, 639, 1202456]
1800: [52, 806, 1497792]
1803: [51, 642, 1399570]
1807: [53, 648, 1585861]
1808: [51, 599, 1534691]
1809: [35, 739, 832346]
1810: [52, 1162, 1218314]
1811: [103, 1440, 2704546]
1812: [53, 921, 1201383]
1813: [105, 1588, 2701087]
1814: [104, 1850, 2613645]
1815: [52, 1027, 1038553]
1816: [52, 875, 1137028]
1817: [104, 1578, 2728698]
1818: [52, 823, 1259803]
1819: [105, 1661, 3414138]
1820: [104, 1728, 3816026]
1821: [102, 1995, 3809673]
1822: [94, 1802, 3595254]
1823: [103, 1938, 3948085]
1824: [102, 1634, 3858885]
1825: [153, 2850, 5620174]
1826: [157, 2982, 6076322]
1827: [105, 2404, 3736246]
1828: [156, 3533, 6093729]
1829: [152, 3447, 5869744]
1830: [151, 3779, 5921482]
1831: [154, 3575, 6305344]
1832: [102, 2435, 3629030]
1833: [103, 2423, 4850298]
1834: [156, 3669, 7278048]
1835: [157, 3608, 7431810]
1836: [211, 4804, 10397432]
1837: [156, 3902, 8456472]
1838: [156, 4091, 8795161]
1839: [157, 4416, 9462184]
1840: [156, 4687, 9424639]
1841: [157, 4467, 10108948]
1842: [156, 4792, 9845340]
1843: [155, 4528, 10051672]
1844: [156, 4594, 10257681]
1845: [156, 4537, 10964924]
1846: [107, 3694, 6178492]
1847: [155, 4886, 10689255]
1848: [157, 5124, 10945871]
1849: [156, 4538, 10821809]
1850: [208, 7109, 13823838]
1851: [208, 7939, 15265374]
1852: [211, 8050, 15407368]
1853: [209, 7882, 15140417]
1854: [221, 7753, 16287505]
1855: [234, 8350, 16329941]
1856: [275, 9902, 17594876]
1857: [312, 12675, 21607630]
1858: [313, 11783, 22050109]
1859: [312, 12544, 22579292]
1860: [313, 12135, 23428211]
1861: [313, 12764, 22957580]
1862: [312, 13492, 23012781]
1863: [306, 12207, 21828830]
1864: [371, 14853, 27199775]
1865: [342, 13511, 24627513]
1866: [411, 18040, 28195976]
1867: [418, 18544, 28539439]
1868: [208, 8547, 15703642]
1869: [209, 11287, 16921690]
1870: [196, 10660, 15904834]
1871: [207, 12147, 16324315]
1872: [173, 9851, 15565342]
1873: [156, 9684, 14557247]
1874: [208, 12541, 17167626]
1875: [210, 12219, 18483515]
1876: [105, 6647, 11569180]
1877: [208, 12342, 18150126]
1878: [466, 22752, 31360478]
1879: [467, 20613, 28505971]
1880: [480, 24300, 29218589]
1881: [521, 29450, 33462409]
1882: [208, 15401, 21580567]
1883: [260, 18326, 23307097]
1884: [209, 14325, 21551128]
1885: [158, 11037, 16766190]
1886: [106, 6371, 11724209]
1887: [158, 12888, 17589766]
1888: [157, 13919, 17701398]
1889: [157, 15480, 18200623]
1890: [156, 14678, 17136792]
1891: [156, 14973, 16877914]
1892: [160, 15907, 17838388]
1893: [156, 15106, 17114289]
1894: [156, 14555, 17019097]
1895: [154, 15269, 16661915]
1896: [202, 22160, 19972181]
1897: [87, 7058, 9557997]
1898: [104, 9555, 11678156]
1899: [104, 9527, 11501207]
1900: [105, 9019, 11819232]
1901: [469, 62816, 38978648]
1902: [417, 51671, 33849282]
1903: [417, 50102, 33886617]
1904: [417, 53482, 35140411]
1905: [399, 50556, 32481574]
1906: [416, 53155, 32898005]
1907: [366, 47107, 26323236]
1908: [365, 49160, 26217539]
1909: [363, 51675, 25525982]
1910: [365, 51315, 25806199]
1911: [360, 49231, 23842299]
1912: [403, 55540, 30746282]
1913: [417, 59258, 32735101]
1914: [780, 74047, 43807079]
1915: [424, 47269, 23561426]
1916: [468, 46200, 25234409]
1917: [415, 30073, 17433964]
1918: [417, 22565, 14531778]
1919: [414, 37708, 23274261]
1920: [729, 76642, 49522153]
1921: [729, 85975, 51776866]
1922: [700, 88297, 53087199]
1923: [417, 56823, 30977168]
1924: [417, 55733, 31831844]
1925: [416, 58781, 32065889]
1926: [392, 59808, 31487064]
1927: [416, 67129, 35619976]
1928: [679, 96249, 49068962]
1929: [674, 100417, 44353846]
1930: [673, 108719, 50324654]
1931: [726, 111605, 50752058]
1932: [667, 96504, 46144228]
1933: [607, 93195, 44901360]
1934: [415, 76949, 37548980]
1935: [107, 17458, 12134378]
1936: [104, 15494, 11564774]
1937: [105, 14280, 10973241]
1938: [105, 14856, 10969354]
1939: [103, 13104, 9627637]
1940: [104, 8477, 6130450]
1941: [104, 8069, 5847487]
1942: [104, 7413, 5285410]
1943: [105, 6664, 5011942]
1944: [105, 6492, 4929104]
1945: [104, 6131, 5148642]
1946: [103, 7005, 5370334]
1947: [104, 6275, 5316495]
1948: [105, 5391, 5284371]
1949: [105, 7111, 5968620]
1950: [104, 7155, 5903244]
