1850: [416, 14659, 27752656]
1851: [416, 15932, 29706242]
1852: [419, 16135, 30306004]
1853: [421, 15880, 31195426]
1854: [429, 16234, 33651341]
1855: [616, 22693, 40642263]
1856: [791, 31011, 50733966]
1857: [851, 37914, 60572143]
1858: [891, 34986, 57236795]
1859: [940, 42874, 60190127]
1860: [1194, 53789, 90489095]
1861: [1195, 56175, 91671546]
1862: [1198, 54743, 89467549]
1863: [1185, 53048, 94078971]
1864: [1247, 53956, 93768757]
1865: [945, 45425, 70888665]
1866: [1137, 52035, 88554529]
1867: [1137, 53041, 88614136]
1868: [417, 17549, 31338665]
1869: [417, 20348, 33157492]
1870: [403, 20227, 31616603]
1871: [416, 21992, 32387185]
1872: [371, 18486, 28778892]
1873: [602, 33013, 38102940]
1874: [678, 43148, 35764691]
1875: [727, 42411, 39495740]
1876: [627, 40637, 36015275]
1877: [1186, 69080, 51875245]
1878: [1507, 85965, 64861507]
1879: [1747, 94079, 73888987]
1880: [1630, 98802, 73473864]
1881: [1925, 113119, 81035616]
1882: [1790, 101312, 77174717]
1883: [1765, 103218, 75872986]
1884: [1929, 112843, 81751014]
1885: [1928, 114345, 84081088]
1886: [1929, 109017, 87068543]
1887: [1971, 133479, 92912291]
1888: [1676, 116716, 84397353]
1889: [1986, 140442, 98673405]
1890: [1986, 141521, 101382836]
1891: [1988, 142288, 99306466]
1892: [2000, 140532, 101324152]
1893: [1932, 134749, 96207037]
1894: [1986, 143772, 101991490]
1895: [1983, 146664, 100645390]
1896: [1334, 107044, 76145632]
1897: [1180, 98984, 66146953]
1898: [1201, 116029, 76851358]
1899: [1415, 113930, 83823642]
1900: [1980, 139782, 109766112]
1901: [2567, 232480, 156487340]
1902: [2600, 253921, 166106191]
1903: [2600, 256184, 170056329]
1904: [2533, 227796, 165477090]
1905: [2349, 218152, 156916980]
1906: [2542, 245470, 168723591]
1907: [2074, 195044, 131731532]
1908: [1616, 175278, 109410422]
1909: [1788, 192393, 118725615]
1910: [2062, 202320, 129217092]
1911: [1581, 173996, 101030784]
1912: [1867, 196267, 115640495]
1913: [1823, 204967, 120587228]
1914: [1637, 163091, 98311082]
