1785: [255, 4363, 3871604]
1786: [291, 5488, 4495019]
1787: [313, 7157, 4635125]
1788: [314, 7419, 4693363]
1789: [313, 7624, 4783383]
1790: [313, 8438, 5117325]
1791: [313, 7000, 5135935]
1792: [313, 6595, 4973208]
1793: [309, 7056, 5347444]
1794: [313, 6569, 5439889]
1795: [313, 6582, 5394305]
1796: [314, 6378, 5354892]
1797: [312, 6272, 5405719]
1798: [294, 6375, 5274854]
1799: [313, 6433, 5948517]
1800: [313, 6481, 5854394]
1801: [313, 5700, 5897649]
1802: [313, 6795, 5843547]
1803: [306, 6098, 5389811]
1804: [313, 6285, 6610196]
1805: [313, 6065, 5465358]
1806: [313, 6815, 5907852]
1807: [313, 6152, 6963878]
1808: [314, 6122, 5288979]
1809: [311, 6134, 6496522]
1810: [313, 6138, 6144360]
1811: [313, 7762, 7974974]
1812: [314, 7639, 8341928]
1813: [313, 7179, 6766348]
1814: [313, 6727, 5964623]
1815: [312, 7348, 10529278]
1816: [314, 7225, 9069931]
1817: [313, 8419, 11767047]
1818: [313, 9164, 12225715]
1819: [313, 7360, 13657438]
1820: [313, 7201, 13518814]
1821: [313, 7613, 12313940]
1822: [313, 8964, 13107451]
1823: [313, 8982, 13083475]
1824: [314, 8443, 13189760]
1825: [313, 10412, 14550784]
1826: [311, 9988, 13718980]
1827: [313, 12171, 15235974]
1828: [314, 12383, 17257610]
1829: [312, 11837, 17414857]
1830: [313, 13569, 16853471]
1831: [312, 13094, 18808228]
1832: [313, 13371, 18268574]
1833: [313, 15466, 20495006]
1834: [311, 13292, 19068967]
1835: [313, 15650, 19546889]
1836: [314, 16420, 24744421]
1837: [311, 16878, 25962667]
1838: [313, 18011, 27204848]
1839: [312, 16630, 27754436]
1840: [312, 17451, 28343473]
1841: [312, 18196, 27292289]
1842: [313, 18584, 30556504]
1843: [310, 18151, 28908603]
1844: [313, 21853, 33366323]
1845: [310, 22168, 35820788]
1846: [312, 21408, 34203483]
1847: [310, 22096, 32579166]
1848: [311, 23727, 35117711]
1849: [311, 19061, 31379260]
1850: [313, 22288, 33449528]
1851: [313, 21247, 33843690]
1852: [314, 19586, 33903669]
1853: [313, 23055, 42113169]
1854: [311, 23214, 42628577]
1855: [309, 23101, 37513377]
1856: [314, 22740, 44572269]
1857: [311, 22433, 43699552]
1858: [311, 23493, 41540401]
1859: [306, 23131, 42606508]
1860: [310, 29653, 54817952]
1861: [312, 21960, 43456294]
1862: [313, 23179, 48625160]
1863: [313, 23296, 48304935]
1864: [314, 24311, 47148323]
1865: [311, 31822, 48510797]
1866: [313, 31934, 52346314]
1867: [304, 23394, 48807636]
1868: [300, 23264, 43024554]
1869: [313, 26158, 47893363]
1870: [313, 26972, 48721686]
1871: [312, 25794, 45853095]
1872: [314, 26979, 49556154]
1873: [313, 26821, 49333970]
1874: [313, 26960, 45310547]
1875: [313, 31576, 57862020]
1876: [313, 25318, 46909893]
1877: [313, 26380, 53003095]
1878: [313, 25415, 50868269]
1879: [313, 26792, 50379467]
1880: [314, 36363, 57739026]
1881: [313, 28090, 52085928]
1882: [312, 33787, 51233489]
1883: [313, 36981, 56187672]
1884: [313, 28526, 51067040]
1885: [313, 30878, 53304541]
1886: [312, 29472, 50426421]
1887: [313, 28992, 51614358]
1888: [313, 37425, 54231835]
1889: [313, 27518, 49960230]
1890: [313, 29304, 47832284]
1891: [313, 31351, 48077549]
1892: [314, 31388, 50129740]
1893: [312, 28991, 45166410]
1894: [313, 40606, 49016845]
1895: [313, 41279, 48030433]
1896: [314, 26637, 47146284]
1897: [312, 31434, 48423121]
1898: [313, 31469, 46164953]
1899: [312, 31650, 47957178]
1900: [313, 47169, 46232765]
1901: [313, 32443, 45044476]
1902: [313, 32350, 44745558]
1903: [313, 33300, 42351412]
1904: [313, 32939, 42522060]
1905: [312, 31246, 40855773]
1906: [313, 34889, 42331368]
1907: [313, 36415, 44760742]
1908: [314, 43622, 49866241]
1909: [313, 50664, 47828117]
1910: [313, 52787, 48264976]
1911: [312, 74233, 49812637]
1912: [314, 64628, 47580717]
1913: [312, 59823, 49037324]
1914: [327, 56311, 43173868]
1915: [312, 50762, 36351177]
1916: [312, 50655, 37299124]
1917: [311, 48003, 35179274]
1918: [311, 47894, 35236359]
1919: [310, 65636, 58146645]
1920: [311, 67954, 58826394]
1921: [311, 69772, 51681638]
1922: [309, 73729, 55640098]
1923: [310, 67915, 56212126]
1924: [311, 75885, 61317575]
1925: [310, 76855, 63335332]
1926: [310, 80621, 61396105]
1927: [311, 78399, 64753526]
1928: [310, 86738, 67790900]
1929: [310, 90402, 66628423]
1930: [310, 78953, 66699241]
1931: [310, 85401, 64234237]
1932: [312, 82151, 62347338]
1933: [308, 85574, 62646328]
1934: [310, 86146, 65207957]
1935: [310, 91374, 65983765]
1936: [311, 90761, 66502837]
1937: [310, 91525, 66923086]
1938: [311, 91585, 64820779]
1939: [309, 79064, 54374674]
1940: [311, 52936, 28583539]
1941: [310, 42541, 22448760]
1942: [310, 42087, 21806727]
1943: [310, 42237, 22166050]
1944: [310, 43012, 22608425]
1945: [309, 44176, 23061145]
1946: [309, 46261, 24757614]
1947: [310, 45130, 24773688]
1948: [311, 43237, 23541887]
1949: [310, 50560, 25443124]
1950: [309, 51902, 28041871]
1951: [310, 53871, 28490630]
1952: [311, 55615, 30859472]
1953: [310, 61632, 34986559]
1954: [310, 57719, 34711964]
1955: [297, 61424, 35416161]
1956: [310, 64428, 38654224]
1957: [309, 67006, 37758448]
1958: [310, 67767, 38154231]
1959: [310, 70452, 39678053]
1960: [311, 79356, 42789284]
1961: [309, 80808, 43199079]
1962: [310, 83533, 42486194]
1963: [310, 81229, 42308586]
1964: [311, 76739, 42913066]
1965: [310, 78245, 39053858]
1966: [309, 69883, 41793304]
1967: [308, 75838, 40698314]
1968: [310, 88382, 44345854]
1969: [309, 87666, 52118035]
1970: [305, 86248, 47041883]
1971: [303, 78731, 44599734]
1972: [305, 81517, 46536030]
1973: [308, 81107, 49474176]
1974: [306, 82020, 45542348]
1975: [308, 76109, 43427566]
1976: [307, 83155, 42588916]
1977: [301, 76114, 42122455]
1978: [306, 78498, 43868984]
1979: [40, 10742, 5192045]
1980: [302, 74107, 40798565]
1981: [309, 70947, 40736455]
1982: [304, 80628, 35104747]
1983: [309, 77055, 36736501]
1984: [309, 71897, 39831528]
1985: [309, 75088, 41762906]
1986: [310, 129760, 53000035]
1987: [312, 147712, 58470440]
1988: [314, 146376, 59046229]
1989: [312, 156685, 62281189]
1990: [313, 157032, 64912358]
1991: [313, 137679, 55862167]
1992: [314, 136655, 58812063]
1993: [312, 137686, 58261952]
1994: [313, 152055, 65269183]
2010: [312, 158040, 56824762]
