1900: [313, 47169, 46232765]
1901: [313, 32443, 45044476]
1902: [313, 32350, 44745558]
1903: [313, 33300, 42351412]
1904: [313, 32939, 42522060]
1905: [312, 31246, 40855773]
1906: [313, 34889, 42331368]
1907: [313, 36415, 44760742]
1908: [314, 43622, 49866241]
1909: [313, 50664, 47828117]
1910: [313, 52787, 48264976]
1911: [312, 74233, 49812637]
1912: [314, 64628, 47580717]
1913: [312, 59823, 49037324]
1914: [327, 56311, 43173868]
1915: [312, 50762, 36351177]
1916: [312, 50655, 37299124]
1917: [311, 48003, 35179274]
1918: [311, 47894, 35236359]
1919: [310, 65636, 58146645]
1920: [311, 67954, 58826394]
1921: [311, 69772, 51681638]
1922: [309, 73729, 55640098]
1923: [310, 67915, 56212126]
1924: [311, 75885, 61317575]
1925: [310, 76855, 63335332]
1926: [310, 80621, 61396105]
1927: [311, 78399, 64753526]
1928: [310, 86738, 67790900]
1929: [310, 90402, 66628423]
1930: [310, 78953, 66699241]
1931: [310, 85401, 64234237]
1932: [312, 82151, 62347338]
1933: [308, 85574, 62646328]
1934: [310, 86146, 65207957]
1935: [310, 91374, 65983765]
1936: [311, 90761, 66502837]
1937: [310, 91525, 66923086]
1938: [311, 91585, 64820779]
1939: [309, 79064, 54374674]
1940: [311, 52936, 28583539]
1941: [310, 42541, 22448760]
1942: [310, 42087, 21806727]
1943: [310, 42237, 22166050]
1944: [310, 43012, 22608425]
1945: [309, 44176, 23061145]
1946: [309, 46261, 24757614]
1947: [310, 45130, 24773688]
1948: [311, 43237, 23541887]
1949: [310, 50560, 25443124]
1950: [309, 51902, 28041871]
1951: [310, 53871, 28490630]
1952: [311, 55615, 30859472]
1953: [310, 61632, 34986559]
1954: [310, 57719, 34711964]
1955: [297, 61424, 35416161]
1956: [310, 64428, 38654224]
1957: [309, 67006, 37758448]
1958: [310, 67767, 38154231]
1959: [310, 70452, 39678053]
1960: [311, 79356, 42789284]
1961: [309, 80808, 43199079]
1962: [310, 83533, 42486194]
1963: [310, 81229, 42308586]
1964: [311, 76739, 42913066]
1965: [310, 78245, 39053858]
1966: [309, 69883, 41793304]
1967: [308, 75838, 40698314]
1968: [310, 88382, 44345854]
1969: [309, 87666, 52118035]
1970: [305, 86248, 47041883]
1971: [303, 78731, 44599734]
1972: [305, 81517, 46536030]
1973: [308, 81107, 49474176]
1974: [306, 82020, 45542348]
1975: [308, 76109, 43427566]
1976: [307, 83155, 42588916]
1977: [301, 76114, 42122455]
1978: [306, 78498, 43868984]
1979: [40, 10742, 5192045]
1980: [302, 74107, 40798565]
1981: [309, 70947, 40736455]
1982: [304, 80628, 35104747]
1983: [309, 77055, 36736501]
1984: [309, 71897, 39831528]
1985: [309, 75088, 41762906]
1986: [310, 129760, 53000035]
1987: [312, 147712, 58470440]
1988: [314, 146376, 59046229]
1989: [312, 156685, 62281189]
1990: [313, 157032, 64912358]
1991: [313, 137679, 55862167]
1992: [314, 136655, 58812063]
1993: [312, 137686, 58261952]
1994: [313, 152055, 65269183]
2010: [312, 158040, 56824762]
